255 255 255 255 255 255 255 255 255 255 255 255 255 255 255 255 255 255 255 255 255 255 255 255 255 255 255 255 255 255 255 255 255 255 255 255 255 255 255 255 255 255 255 255 255 255 255 255 255 255 255 255 255 255 255 255 255 255 255 255 255 255 255 255 255 255 255 255 255 255 255 255 255 255 255 255 255 255 255 255 255 255 255 255 255 255 255 255 255 255 255 255 255 255 255 255 255 255 255 255
255 255 255 255 255 255 255 255 255 255 255 255 255 255 255 255 255 255 255 255 255 255 255 255 255 255 255 255 255 255 255 255 255 255 255 255 255 255 255 255 255 255 255 255 255 255 255 255 255 255 255 255 255 255 255 255 255 255 255 255 255 255 255 255 255 255 255 255 255 255 255 255 255 255 255 255 255 255 255 255 255 255 255 255 255 255 255 255 255 255 255 255 255 255 255 255 255 255 255 255
255 255 255 255 253 252 252 252 252 252 252 252 252 252 252 252 252 252 252 252 252 252 252 252 252 252 252 255 255 255 255 255 255 255 255 255 253 252 252 253 255 255 255 255 255 255 255 255 255 252 252 252 252 252 252 252 252 252 253 255 255 253 252 252 252 255 255 255 255 255 255 255 255 255 252 252 252 252 252 252 252 252 252 252 252 252 252 252 252 252 252 252 252 252 252 252 253 255 255 255
255 255 255 255 255 255 255 255 255 255 255 255 255 255 255 255 255 255 255 255 255 255 255 255 255 255 255 255 255 255 255 255 255 255 255 255 255 255 255 255 255 255 255 255 255 255 255 255 255 255 255 255 255 255 255 255 255 255 255 255 255 255 255 255 255 255 255 255 255 255 255 255 255 255 255 255 255 255 255 255 255 255 255 255 255 255 255 255 255 255 255 255 255 255 255 255 255 255 255 255
255 255 254 255 212 148 152 150 150 150 150 150 150 150 150 150 150 150 150 150 150 150 150 150 152 148 181 254 254 255 255 255 255 255 255 252 179 149 149 210 255 253 255 255 255 255 253 255 237 159 150 151 150 150 150 151 151 149 208 255 255 212 148 149 177 255 254 255 255 255 255 255 254 255 178 148 151 150 150 150 150 150 150 150 150 150 150 150 150 150 150 150 150 150 151 149 211 255 253 255
255 255 252 255 142 0 0 0 0 0 0 0 0 0 0 0 0 0 0 0 0 0 0 0 0 0 62 253 253 254 252 252 252 254 254 249 59 0 0 138 255 252 254 252 252 253 252 255 207 5 0 0 0 0 0 0 0 0 134 255 255 144 0 0 55 255 252 255 252 252 252 254 252 255 53 0 0 0 0 0 0 0 0 0 0 0 0 0 0 0 0 0 0 0 0 0 140 255 252 255
255 255 252 255 152 5 10 4 0 0 0 0 0 0 0 0 0 0 0 0 0 0 0 1 10 5 79 253 253 255 255 255 255 255 254 249 76 5 5 148 255 252 255 255 255 255 252 255 211 27 5 6 0 0 0 0 0 0 138 255 255 149 0 0 60 255 252 255 255 255 255 255 252 255 70 5 8 0 0 0 0 0 0 0 0 0 0 0 0 0 0 0 0 3 8 5 150 255 252 255
255 255 252 255 150 0 5 20 70 66 68 69 67 69 69 67 68 69 67 67 69 66 70 40 5 0 77 252 254 242 193 187 194 244 255 248 75 0 1 146 255 253 226 188 186 208 250 255 210 25 0 10 56 69 66 68 69 63 171 255 255 179 57 65 115 255 253 246 190 187 190 245 253 255 68 0 2 41 70 66 69 68 67 69 68 67 68 68 67 68 68 67 66 22 4 0 149 255 252 255
255 255 252 255 150 0 0 70 255 255 255 255 255 255 255 255 255 255 255 255 255 255 255 149 0 0 77 250 255 206 10 0 14 210 255 246 76 1 1 146 254 254 140 0 0 68 245 255 210 26 0 24 216 255 255 255 255 255 255 255 255 255 255 255 255 252 254 218 0 0 0 220 255 255 68 0 0 157 255 255 255 255 255 255 255 255 255 255 255 255 255 255 255 75 0 0 148 255 252 255
255 255 252 255 150 0 0 67 252 249 253 255 255 255 255 255 255 255 255 255 255 247 252 142 0 0 76 250 255 208 22 3 26 212 255 246 69 0 0 147 255 255 146 0 0 71 244 255 210 25 0 22 206 252 249 255 255 255 255 255 255 254 252 252 255 255 255 226 2 0 4 221 255 255 67 0 0 148 252 248 255 255 255 255 255 255 255 255 255 255 254 251 249 71 0 0 148 255 252 255
255 255 252 255 150 0 0 69 255 253 250 222 221 221 221 221 221 221 221 217 241 251 255 144 0 0 77 250 255 209 21 0 25 212 255 247 97 31 35 141 223 224 141 35 30 98 245 255 210 26 0 23 208 255 251 231 220 221 240 255 255 255 255 255 247 218 224 196 39 33 41 225 255 255 69 0 0 150 255 252 241 219 221 221 221 221 221 221 220 224 249 254 250 73 0 0 149 255 252 255
255 255 252 255 150 0 0 68 255 255 222 14 7 9 9 7 8 9 12 0 152 255 255 144 0 0 77 250 255 209 21 0 25 212 255 252 250 244 250 109 5 4 111 250 244 250 251 255 210 27 0 23 207 255 249 83 1 7 143 255 249 254 252 255 189 1 6 40 242 248 248 254 252 255 68 0 0 150 255 255 148 1 11 9 8 7 9 10 5 26 215 255 249 73 0 0 149 255 252 255
255 255 252 255 150 0 0 67 255 255 220 5 0 0 0 0 0 0 4 0 149 255 255 143 0 0 76 250 255 208 20 0 24 212 255 252 255 255 255 109 0 0 111 255 255 255 252 255 210 25 0 22 207 255 248 78 0 0 140 255 251 255 254 255 189 0 0 31 250 255 255 255 252 255 67 0 0 150 255 255 144 0 2 0 0 0 0 1 0 19 213 255 248 72 0 0 148 255 252 255
255 255 252 255 150 0 0 68 255 255 221 9 1 4 4 2 3 4 7 0 150 255 255 144 0 0 77 250 255 209 21 0 25 212 255 252 250 244 250 106 0 0 108 250 244 250 251 255 210 27 0 23 207 255 248 79 0 1 139 255 243 248 246 253 186 1 5 41 247 255 253 255 252 255 68 0 0 150 255 255 146 0 6 4 3 2 4 5 0 22 214 255 248 73 0 0 149 255 252 255
255 255 252 255 150 0 0 69 255 255 221 9 1 4 4 2 3 4 7 0 150 255 255 144 0 0 77 250 255 209 21 0 25 212 255 247 98 28 38 17 1 1 16 38 28 99 245 255 210 26 0 23 207 255 248 78 0 6 21 38 34 35 36 30 82 227 218 226 254 255 255 255 252 255 69 0 0 150 255 255 146 0 6 4 3 2 4 5 0 21 214 255 248 73 0 0 149 255 252 255
255 255 252 255 150 0 0 67 255 255 221 7 0 2 2 0 1 2 5 0 150 255 255 143 0 0 76 250 255 208 22 3 26 210 252 243 70 0 0 0 0 0 0 0 0 71 244 255 210 25 0 22 205 252 246 79 3 7 0 0 0 0 0 0 64 255 255 255 255 255 255 255 252 255 67 0 0 150 255 255 146 0 4 2 1 0 2 3 0 20 214 255 248 72 0 0 148 255 252 255
255 255 252 255 150 0 0 68 255 255 221 8 0 3 3 1 2 3 6 0 150 255 255 144 0 0 77 250 255 206 10 0 16 219 255 255 70 0 0 0 1 0 3 6 1 78 245 255 210 26 0 24 215 255 255 74 0 0 0 0 0 0 0 0 59 254 250 254 255 255 255 255 252 255 68 0 0 150 255 255 146 0 5 3 2 1 3 4 0 21 214 255 248 73 0 0 148 255 252 255
255 255 252 255 150 0 0 69 255 255 221 9 1 4 4 2 3 4 7 0 150 255 255 144 0 0 77 252 254 242 192 189 178 87 66 71 153 189 190 82 0 4 4 6 0 76 245 255 210 25 0 9 56 70 68 151 194 186 188 188 188 188 189 186 205 255 255 255 255 255 255 255 252 255 69 0 0 150 255 255 147 0 6 4 3 2 4 5 0 22 214 255 248 73 0 0 149 255 252 255
255 255 252 255 150 0 0 67 255 255 222 12 5 7 7 5 6 7 10 5 152 255 255 143 0 0 76 253 253 255 255 255 236 39 0 4 187 255 255 117 5 8 7 9 5 79 245 255 210 23 0 1 0 0 0 179 255 255 255 255 255 255 255 255 255 255 255 254 251 250 251 254 252 255 67 0 0 150 255 255 148 5 9 7 6 5 7 8 5 24 215 255 248 72 0 0 148 255 252 255
255 255 252 255 150 0 0 67 255 255 218 0 0 0 0 0 0 0 0 0 142 255 255 143 0 0 76 253 253 255 255 255 247 32 0 0 175 253 252 96 0 0 0 0 0 62 244 255 210 23 0 4 4 4 7 177 253 248 255 255 255 255 252 253 253 255 255 255 255 255 255 255 252 255 67 0 0 150 255 255 138 0 0 0 0 0 0 0 0 2 211 255 248 72 0 0 148 255 252 255
255 255 252 255 150 0 0 69 255 254 241 153 150 150 150 150 150 150 152 148 212 253 255 144 0 0 77 251 254 227 117 103 111 142 152 151 225 255 255 195 148 151 150 152 148 181 249 255 211 25 0 5 4 3 6 177 255 254 172 97 103 166 255 252 255 254 255 235 110 103 111 235 254 255 69 0 0 150 255 254 210 148 151 150 150 150 150 151 149 157 238 255 250 73 0 0 149 255 252 255
255 255 252 255 150 0 0 66 250 247 251 255 255 255 255 255 255 255 255 255 254 245 250 140 0 0 76 250 255 204 8 0 16 219 255 255 255 250 250 255 255 255 255 255 255 255 252 255 210 23 0 4 6 7 9 175 250 250 107 0 0 95 250 245 251 253 255 218 0 0 0 218 255 255 67 0 0 147 250 246 254 255 255 255 255 255 255 255 255 255 252 249 246 71 0 0 148 255 252 255
255 255 252 255 150 0 0 72 255 255 255 255 255 255 255 255 255 255 255 255 255 255 255 154 0 0 76 250 255 209 23 2 27 209 253 249 255 255 255 255 252 252 255 255 255 255 252 255 210 23 0 1 0 0 0 183 255 255 115 0 0 102 255 255 255 253 255 221 12 2 13 222 255 255 67 0 0 162 255 255 255 255 255 255 255 255 255 255 255 255 255 255 255 77 0 0 148 255 252 255
255 255 252 255 150 0 3 41 145 141 144 144 143 144 144 143 144 144 143 143 144 140 146 82 3 0 78 250 255 209 22 0 26 212 255 250 175 141 142 207 255 255 207 143 141 176 249 255 210 26 0 12 92 115 111 132 140 142 127 118 113 123 138 139 173 254 255 221 10 0 11 222 255 255 68 0 0 87 144 142 144 144 143 144 144 143 144 144 143 144 144 143 142 43 2 0 149 255 252 255
255 255 252 255 152 4 10 4 0 0 0 0 0 0 0 0 0 0 0 0 0 0 0 1 9 4 80 250 255 209 25 4 28 209 251 241 67 0 0 143 255 255 141 0 0 71 244 255 211 30 4 28 212 255 252 76 0 0 139 255 255 158 0 0 58 251 251 217 13 4 14 223 255 255 71 4 7 1 0 0 0 0 0 0 0 0 0 0 0 0 0 0 0 3 8 4 150 255 252 255
255 255 252 255 143 0 0 0 0 0 0 0 0 0 0 0 0 0 0 0 0 0 0 0 0 0 66 249 255 205 6 0 12 221 255 255 70 0 0 141 255 255 140 0 0 67 244 255 206 12 0 10 212 255 255 84 2 3 141 253 253 145 0 0 61 255 255 232 0 0 0 219 255 255 54 0 0 0 0 0 0 0 0 0 0 0 0 0 0 0 0 0 0 0 0 0 142 255 252 255
255 255 253 255 180 74 79 77 77 76 77 77 76 77 77 76 77 77 76 76 77 76 76 77 79 75 129 251 255 220 88 77 87 162 178 177 105 79 75 177 255 255 176 76 76 127 247 255 222 92 76 84 158 176 177 59 2 0 143 255 253 181 74 79 99 176 178 169 75 76 78 230 255 255 119 75 78 77 76 76 77 76 76 77 76 76 77 77 76 77 77 76 76 77 77 76 179 255 253 255
255 255 255 255 254 251 253 253 251 250 251 251 250 251 253 253 253 253 253 253 253 253 253 252 250 249 252 255 255 255 252 254 231 45 4 12 180 252 248 252 252 252 253 253 252 253 252 252 252 249 250 231 49 0 5 2 3 0 141 252 248 252 247 252 191 3 4 33 248 250 251 253 252 252 254 252 253 252 250 250 252 253 253 253 250 250 251 251 250 251 251 250 250 253 253 252 254 255 255 255
255 255 255 255 254 253 253 255 255 255 255 255 255 255 254 253 253 253 253 253 253 253 253 255 255 255 255 255 255 254 252 255 230 37 0 2 184 255 255 255 255 255 255 253 253 255 255 255 255 255 255 241 51 0 6 3 3 0 146 255 255 255 255 255 193 0 0 28 255 255 255 255 255 255 255 253 253 255 255 255 255 253 253 255 255 255 255 255 255 255 255 255 255 255 253 253 254 255 255 255
255 255 255 255 255 253 254 242 206 209 209 209 208 210 248 254 254 254 254 254 254 253 254 235 208 205 223 255 254 254 253 254 234 78 46 52 163 208 208 209 210 207 229 254 254 241 211 209 210 207 208 195 44 1 7 5 4 1 119 211 205 209 208 207 171 48 47 63 208 208 209 210 210 207 243 254 254 228 206 204 228 254 254 241 208 209 209 209 208 209 209 209 209 241 254 253 255 255 255 255
255 255 255 255 255 252 255 191 16 23 20 20 20 22 222 255 254 254 254 254 255 250 255 147 19 17 89 251 252 253 254 254 252 240 236 232 81 19 22 20 22 17 118 252 254 182 25 20 21 20 20 18 5 0 3 4 3 2 13 23 19 20 21 19 72 237 236 212 22 19 20 20 23 16 191 255 255 111 16 13 119 255 255 183 20 22 21 19 19 19 19 19 21 185 254 251 255 255 255 255
255 255 255 255 255 252 255 186 0 0 0 0 0 1 219 255 254 255 255 255 255 250 255 138 0 0 74 255 255 255 255 255 255 255 255 251 71 0 0 0 0 0 108 255 255 179 3 0 0 0 0 0 0 0 0 0 0 0 0 0 0 0 0 0 63 255 255 226 2 0 0 0 0 0 186 255 255 102 0 0 108 255 255 178 0 0 0 0 0 0 0 0 3 184 255 255 255 255 255 255
255 255 255 255 255 252 255 192 22 27 25 24 24 26 222 255 254 240 232 230 246 251 255 148 23 25 91 233 233 233 234 233 235 250 253 247 86 22 26 24 26 24 115 233 233 173 30 24 25 24 24 22 5 0 1 15 24 22 24 24 24 24 25 24 72 231 231 210 26 24 24 24 27 22 192 255 255 107 2 1 111 255 255 184 24 28 21 5 3 5 5 4 8 174 234 230 247 255 255 255
255 255 255 255 255 254 255 243 209 212 212 212 212 213 249 254 255 94 42 36 167 255 254 236 207 215 159 44 44 44 45 42 60 217 255 252 225 210 213 212 210 213 139 43 42 92 207 212 212 210 212 198 44 0 8 148 217 208 212 212 212 212 211 213 172 42 43 62 210 212 212 212 212 210 244 252 255 106 0 0 110 255 253 243 210 215 177 18 2 5 4 2 2 32 46 40 164 255 252 255
255 255 255 255 254 255 254 255 255 255 255 255 255 255 254 251 255 59 0 0 147 255 251 255 254 255 179 0 0 0 0 0 17 208 255 251 255 255 255 255 255 255 146 0 0 74 252 255 255 255 255 239 51 0 9 181 255 255 255 255 255 255 255 255 193 0 0 27 254 255 255 255 255 255 255 250 255 105 0 0 109 255 251 255 255 255 215 18 0 3 2 0 0 0 0 0 144 255 252 255
255 255 255 255 253 248 249 251 252 252 252 247 246 247 249 247 251 72 2 2 156 251 247 248 243 248 172 9 11 9 5 3 27 214 251 247 248 247 246 250 248 253 141 9 7 76 243 252 251 245 246 228 53 5 8 172 253 247 252 252 252 250 243 249 190 2 2 38 245 252 251 248 246 245 253 250 255 105 0 0 109 255 252 253 244 249 206 19 0 4 3 1 1 5 7 2 150 255 252 255
255 255 253 255 179 67 72 117 255 255 230 76 74 75 74 73 76 21 1 0 45 76 73 74 75 73 107 179 184 150 16 0 9 62 75 73 74 75 72 175 255 254 223 181 180 203 251 255 222 90 73 83 161 183 181 233 255 254 255 253 255 180 66 79 56 0 0 36 248 255 249 93 73 71 206 255 255 106 0 0 111 255 255 200 73 78 63 8 1 4 4 2 2 4 4 0 148 255 252 255
255 255 252 255 147 0 0 59 255 255 217 0 0 0 0 0 0 0 0 1 0 0 0 0 0 0 78 255 255 216 24 2 5 0 0 0 0 0 0 139 254 248 255 255 255 255 249 254 203 18 0 14 210 255 255 255 255 255 255 252 255 147 0 0 0 5 1 37 244 254 242 23 0 0 181 254 254 106 1 1 109 255 254 173 0 0 0 0 0 1 5 3 3 5 6 1 150 255 252 255
255 255 252 255 148 0 0 59 255 255 222 11 3 5 0 0 0 1 0 1 0 0 0 0 3 0 72 244 253 201 9 0 0 3 4 4 1 1 0 150 255 255 255 252 251 254 255 255 220 32 2 25 206 253 248 254 255 255 255 252 255 153 2 8 2 0 0 24 255 255 255 27 0 0 198 255 255 98 0 0 115 255 255 187 5 6 6 3 0 1 0 0 0 0 0 0 142 255 252 255
255 255 253 255 210 141 144 172 255 255 222 10 1 7 130 147 150 41 1 0 89 150 144 147 148 142 179 254 255 235 153 147 136 28 0 7 107 148 145 124 110 105 171 255 255 211 110 110 91 13 0 23 209 255 253 255 255 255 255 252 255 151 0 2 40 150 145 142 108 109 108 142 146 147 118 109 107 132 147 148 129 107 113 78 2 3 4 4 1 14 126 148 145 147 147 145 208 255 253 255
255 255 255 255 255 255 255 255 250 253 216 8 0 9 231 255 255 70 0 0 161 255 255 255 255 255 255 251 251 253 255 255 238 50 2 13 193 255 255 106 0 0 102 253 255 174 0 0 0 5 3 24 206 253 248 254 255 255 255 252 255 153 2 2 74 255 255 233 2 0 1 230 255 255 57 0 0 153 255 255 141 0 0 0 0 0 3 6 2 25 222 255 255 255 255 255 255 255 255 255
255 255 255 255 253 252 251 255 255 255 236 9 0 9 232 255 255 70 0 0 147 254 248 255 255 255 255 255 255 255 255 255 235 35 0 0 173 254 252 109 2 1 113 254 255 181 10 4 2 0 0 12 211 255 255 255 255 255 255 252 255 146 0 0 52 253 252 214 0 0 0 231 255 255 75 2 1 160 255 255 142 0 0 0 0 0 0 0 0 14 218 255 255 255 255 255 255 255 255 255
255 255 255 255 255 255 255 226 141 147 129 7 2 7 130 146 148 41 3 0 151 255 255 206 142 146 145 145 145 145 145 145 142 115 110 113 213 255 255 110 0 0 110 254 255 181 10 1 22 101 111 113 138 145 145 220 255 253 255 253 255 195 105 109 146 255 255 235 112 110 110 141 144 148 41 0 0 90 149 143 128 109 115 79 3 0 22 105 110 112 140 145 145 145 146 143 208 255 253 255
255 255 255 255 253 248 253 182 0 4 1 1 0 1 1 1 2 1 5 0 150 255 255 138 0 4 0 0 0 0 2 0 24 217 255 255 254 248 253 110 3 2 113 254 255 180 10 0 49 234 255 238 49 0 0 171 255 250 253 251 251 253 254 254 254 251 251 252 254 254 252 27 0 3 1 0 1 0 2 0 115 255 255 187 8 2 52 246 255 235 40 0 3 1 2 0 144 255 252 255
255 255 255 255 255 255 255 197 0 0 0 1 0 1 0 0 0 0 4 0 150 255 255 137 0 0 0 3 2 3 0 0 16 206 255 249 255 255 255 106 0 0 103 254 255 180 10 0 44 227 255 231 50 0 10 178 255 251 255 255 255 255 255 255 255 255 255 255 255 255 255 25 0 0 0 0 0 4 7 0 109 255 255 173 0 0 36 231 254 228 32 0 0 0 0 0 143 255 252 255
255 255 254 255 224 173 182 156 75 78 67 5 1 5 66 76 78 21 5 0 151 255 255 172 72 81 54 3 0 16 70 75 89 224 255 252 202 177 180 119 76 72 151 253 255 180 11 0 46 230 255 233 49 0 8 178 255 252 213 175 181 180 180 180 180 180 180 180 181 180 180 85 75 78 21 0 3 4 7 0 111 255 255 200 76 74 106 242 255 239 101 74 77 76 76 73 177 255 253 255
255 255 252 255 151 5 7 61 246 246 222 13 3 13 226 249 250 71 3 2 152 255 252 252 240 248 176 11 2 53 236 248 247 252 252 245 74 9 10 148 249 245 252 251 255 181 14 2 48 231 255 233 48 0 7 177 255 255 117 7 15 11 10 10 10 7 7 7 7 7 8 225 249 250 70 0 3 3 6 0 107 253 248 250 245 244 246 252 252 252 247 245 245 248 249 247 253 255 255 255
255 255 252 255 150 0 0 70 255 255 227 0 0 0 218 255 255 59 0 0 147 255 252 255 255 255 178 0 0 42 234 255 253 255 255 254 71 0 0 141 255 250 255 251 255 176 5 0 39 228 255 233 48 0 7 177 255 255 110 0 1 0 0 0 0 1 0 2 2 0 10 221 255 255 67 0 3 2 5 0 115 255 255 255 255 255 255 255 255 255 255 255 255 255 254 255 254 255 255 255
255 255 252 255 151 1 1 59 213 210 193 46 44 47 225 255 254 94 43 38 168 255 254 236 206 212 158 46 42 82 237 255 249 218 209 207 92 45 43 162 255 252 255 252 255 189 51 44 79 232 255 234 49 0 8 178 255 255 137 40 49 46 45 47 33 1 2 4 4 1 10 222 254 254 67 0 5 4 7 0 96 213 208 211 210 210 210 211 210 211 211 210 211 242 255 255 255 255 255 255
255 255 252 255 151 2 7 9 28 25 45 230 229 231 252 255 255 239 231 228 246 251 255 148 24 26 90 230 227 233 252 255 233 60 24 31 172 230 227 243 253 252 254 255 255 248 233 231 236 251 255 234 50 2 10 177 253 249 241 229 232 231 228 231 178 2 5 5 5 3 12 222 255 255 70 2 6 4 1 0 10 25 23 24 25 25 25 24 23 24 25 26 27 185 253 250 254 255 255 255
255 255 252 255 149 0 5 0 0 0 28 254 255 255 255 255 255 255 255 255 255 250 255 138 0 0 76 255 255 255 254 255 232 37 0 4 183 255 255 255 255 255 255 255 255 255 255 255 255 253 255 233 47 0 5 176 255 251 255 255 255 255 255 255 193 0 1 0 1 0 5 220 255 255 62 0 1 0 0 0 0 0 0 0 0 0 0 0 0 0 0 0 0 183 255 253 255 255 255 255
255 255 252 255 157 14 25 22 23 21 44 232 233 235 253 255 255 254 254 254 254 251 255 148 20 21 88 234 231 236 253 255 233 57 21 28 173 234 231 234 235 233 244 255 255 255 254 254 254 253 255 234 63 18 24 167 237 230 246 254 254 246 229 235 183 19 22 21 21 20 23 222 255 255 74 17 26 9 0 2 4 3 1 8 22 23 19 5 2 5 19 23 25 177 236 232 247 255 255 255
255 255 254 255 236 202 209 208 206 206 192 46 47 48 224 254 253 254 254 254 255 254 255 235 203 206 156 48 46 84 237 255 250 216 206 204 93 49 49 48 49 46 133 254 251 254 254 254 254 254 254 250 216 206 207 100 50 46 157 254 254 168 44 49 83 206 207 208 207 206 209 248 254 254 220 200 210 89 0 5 4 7 1 66 207 207 172 18 1 21 179 207 203 91 50 47 166 255 253 255
255 255 255 255 255 255 255 255 255 255 228 0 0 0 219 255 252 253 253 254 254 255 255 255 255 255 180 0 0 40 235 255 253 255 255 255 71 0 0 0 0 0 105 255 251 253 253 253 253 253 253 254 255 255 255 75 0 0 136 255 255 147 0 0 61 255 255 255 255 255 255 254 253 253 255 255 255 109 0 4 2 6 0 78 255 255 216 18 0 23 220 255 255 69 0 0 144 255 252 255
255 255 255 255 254 252 252 252 246 250 223 12 3 12 226 253 250 252 251 249 254 255 255 253 243 252 176 10 3 50 236 255 253 250 247 244 75 6 9 5 7 2 115 252 250 252 251 251 252 251 251 252 252 251 248 80 3 4 143 255 252 157 2 3 69 252 250 252 249 248 249 251 251 252 249 243 254 105 0 3 3 9 1 78 248 250 206 20 0 25 213 249 243 72 6 6 148 255 252 255
255 255 255 255 255 253 255 206 76 82 67 5 1 5 67 80 77 78 81 75 181 255 255 174 76 85 56 5 0 47 235 255 237 105 77 82 149 175 178 80 2 3 34 79 77 78 78 78 78 79 77 90 219 255 249 79 0 5 45 84 80 46 2 0 69 255 254 230 79 77 78 79 78 79 78 76 85 34 4 0 82 179 173 146 77 81 65 8 0 9 65 79 78 150 176 175 223 255 254 255
255 255 255 255 254 249 253 182 0 0 0 5 4 5 0 0 0 0 0 0 144 255 255 136 0 0 0 4 0 46 235 255 230 34 0 0 186 255 255 116 1 7 0 0 0 0 0 0 0 0 0 7 200 254 245 77 0 5 0 0 0 0 4 0 67 253 253 216 0 0 0 0 0 0 0 0 0 0 9 2 119 255 255 185 0 0 0 0 0 0 0 0 0 190 255 255 255 255 255 255
255 255 255 255 255 255 255 200 4 7 5 0 0 0 5 5 6 7 10 4 152 255 255 138 0 2 0 4 0 46 235 255 230 40 0 6 183 255 255 105 0 0 0 5 5 4 0 0 0 6 5 28 214 255 255 84 0 6 0 0 0 0 3 0 70 255 255 233 13 4 6 0 0 0 4 5 5 0 1 0 103 251 251 174 0 2 1 1 1 2 0 0 2 176 251 247 253 255 255 255
255 255 253 255 196 110 121 84 1 2 22 141 141 141 22 1 3 4 7 0 150 255 254 206 136 144 101 7 0 48 236 255 243 161 140 142 121 116 114 130 138 144 84 3 1 45 137 142 119 17 1 11 93 117 111 36 2 4 81 143 142 88 0 3 31 118 114 98 7 1 8 128 142 143 40 1 0 88 146 130 190 255 255 223 140 143 120 13 1 16 122 142 142 223 255 253 255 255 255 255
255 255 252 255 142 0 0 0 3 0 37 255 255 255 40 2 5 3 5 0 150 255 252 255 255 255 189 6 0 47 236 255 255 255 255 255 68 0 0 149 255 255 155 4 2 82 255 255 222 25 0 1 0 0 0 0 4 0 152 255 255 164 0 5 0 0 0 0 5 2 13 236 255 255 74 2 2 162 255 255 255 252 252 255 255 255 223 20 0 24 226 255 255 255 252 252 254 255 255 255
255 255 252 255 152 5 10 6 2 0 35 255 255 255 22 0 0 0 5 0 150 255 252 255 254 255 182 6 0 47 236 255 253 251 249 243 67 0 0 147 255 255 143 0 0 70 249 255 215 25 0 4 6 5 6 5 3 0 139 250 250 148 0 4 0 0 0 0 0 0 0 227 255 255 58 0 0 150 255 255 255 255 255 255 255 255 215 19 0 24 220 255 255 255 255 255 255 255 255 255
255 255 252 255 150 0 7 4 4 0 23 147 153 148 111 101 107 30 4 0 150 255 255 209 147 160 108 6 0 47 237 255 253 255 254 252 148 101 104 131 152 153 130 105 102 118 147 153 125 16 0 5 2 0 2 5 5 0 143 255 255 152 0 4 30 106 103 105 106 104 106 145 153 155 116 102 96 132 156 150 151 151 151 151 150 156 127 13 0 15 127 153 150 151 152 150 211 255 253 255
255 255 252 255 151 1 8 4 1 1 0 0 0 0 233 255 255 72 0 0 148 254 254 134 0 0 0 7 1 47 233 253 251 255 255 255 255 255 255 108 0 0 110 255 255 187 0 0 0 0 1 2 4 2 4 4 3 0 142 255 255 152 1 1 74 255 255 255 255 255 255 21 0 0 196 255 255 103 0 0 0 0 0 0 0 0 0 3 3 2 0 0 0 0 0 0 140 255 252 255
255 255 252 255 146 0 0 0 0 0 1 0 0 1 226 255 255 69 0 0 158 255 255 144 0 0 0 0 0 42 244 255 255 255 255 255 252 247 251 102 0 0 105 250 251 178 11 5 6 1 0 0 0 0 0 0 4 0 142 255 255 147 0 0 59 255 255 255 255 255 253 28 0 0 192 255 255 103 0 0 0 0 0 0 5 5 4 0 0 0 3 5 4 7 8 4 150 255 252 255
255 255 252 255 177 54 72 52 1 1 12 67 67 70 172 189 194 51 0 0 112 193 195 135 63 69 68 69 63 89 180 188 192 244 255 254 255 254 255 147 65 64 148 254 255 181 9 2 4 3 2 8 56 68 67 24 3 0 143 255 254 178 57 67 98 194 187 188 188 188 185 83 65 63 157 191 197 117 61 69 68 66 69 49 3 1 14 64 68 62 14 1 3 4 5 0 149 255 252 255
255 255 255 255 255 255 255 194 0 0 36 255 255 255 27 0 0 0 1 1 0 0 0 110 255 255 255 255 255 217 12 0 16 210 255 252 254 253 253 255 255 255 255 251 255 180 9 2 4 4 0 22 215 255 255 81 0 0 141 254 248 255 255 255 192 0 0 0 0 0 0 228 255 255 61 0 0 150 255 255 255 255 255 189 5 1 47 246 255 242 44 0 4 3 4 0 148 255 252 255
255 255 255 255 255 255 255 192 0 0 35 253 255 253 30 0 0 0 0 0 3 7 2 116 255 255 255 250 253 206 16 0 21 210 255 252 255 255 255 255 255 255 255 251 255 177 2 0 0 2 0 22 210 255 252 80 0 0 144 255 254 255 255 255 191 0 0 0 3 2 10 228 255 255 71 2 2 154 255 254 255 253 255 180 0 0 41 240 255 236 43 0 3 2 3 0 148 255 252 255
255 255 255 255 241 216 227 164 0 0 31 216 223 216 58 31 37 12 1 3 4 6 0 99 226 216 230 252 255 214 51 32 55 217 255 252 231 219 222 221 221 219 236 252 255 189 39 36 30 7 1 21 180 224 215 70 0 1 124 233 217 222 220 224 172 28 37 30 5 1 10 194 223 226 60 0 0 131 228 218 221 218 229 166 36 31 67 207 223 203 38 0 5 4 5 0 149 255 252 255
255 255 252 255 153 1 13 8 3 2 5 9 7 15 216 250 254 67 0 5 4 2 2 5 13 1 82 253 253 252 248 248 249 254 254 250 79 2 12 10 12 1 115 255 252 253 245 251 205 24 0 4 7 8 8 4 1 2 7 9 7 9 11 3 70 253 250 214 9 0 4 8 8 9 5 2 2 7 8 8 9 11 2 77 245 251 206 24 8 11 4 2 2 3 6 0 149 255 252 255
255 255 252 255 148 0 2 0 0 0 0 0 0 2 222 255 255 65 0 2 0 0 0 0 1 0 74 252 253 254 255 255 255 255 254 249 71 0 0 0 0 0 109 255 254 255 253 255 211 23 0 2 0 0 0 1 0 0 1 0 0 0 0 0 64 255 255 225 7 0 1 0 0 0 0 0 0 0 0 0 0 3 0 73 254 255 211 14 0 0 1 0 0 0 1 0 147 255 252 255
255 255 252 255 153 0 13 9 8 9 9 10 8 15 221 255 255 71 2 11 9 9 9 9 13 0 82 253 253 254 254 254 254 255 254 250 80 4 12 10 12 4 111 249 245 250 251 255 210 24 0 5 3 1 3 4 1 3 5 2 2 6 11 3 71 253 249 214 8 0 3 9 9 10 9 9 9 9 9 10 7 6 0 74 251 255 211 24 8 11 4 1 2 7 11 4 151 255 252 255
255 255 255 255 241 218 222 222 222 222 222 222 221 223 250 255 255 230 219 222 222 222 222 222 222 218 231 255 255 255 255 255 255 255 255 255 231 220 222 222 220 225 140 36 30 99 245 255 210 24 0 5 3 1 3 4 2 3 4 5 0 91 233 222 172 27 36 31 4 1 10 194 226 221 222 222 222 222 217 234 128 1 0 75 255 253 248 223 223 205 38 0 8 160 227 218 241 255 255 255
255 255 255 255 255 255 255 255 255 255 255 255 255 255 253 252 252 255 255 255 255 255 255 255 255 255 255 255 255 255 255 255 255 255 255 255 255 255 255 255 255 255 146 0 0 71 242 252 208 23 0 3 1 0 1 4 3 3 2 3 0 105 255 255 191 0 0 0 2 0 9 229 255 255 255 255 255 255 255 255 149 0 0 74 255 252 255 255 255 241 45 3 10 188 255 255 255 255 255 255
255 255 255 255 255 255 255 255 255 255 255 255 255 255 255 255 255 255 255 255 255 255 255 255 255 255 255 255 255 255 255 255 255 255 255 255 255 255 255 255 250 254 140 0 0 72 254 255 218 26 0 4 2 0 1 0 0 0 0 4 0 108 255 255 196 1 5 4 3 1 9 220 254 252 255 255 255 255 248 254 145 0 0 75 255 252 254 253 254 233 33 0 0 178 254 250 255 255 255 255
255 255 253 255 178 53 70 68 68 67 68 68 67 68 68 67 68 68 67 67 68 67 67 69 70 57 123 253 253 254 255 255 255 255 254 251 121 64 66 175 255 253 226 186 192 152 69 69 57 9 1 4 4 3 5 132 195 189 86 1 5 30 72 68 50 2 2 4 4 1 11 222 255 255 117 63 55 178 254 255 147 0 0 75 255 252 254 255 255 250 199 187 190 236 255 254 255 255 255 255
255 255 252 255 145 0 0 0 0 0 0 0 0 0 0 0 0 0 0 0 0 0 0 0 0 0 69 252 253 254 255 255 255 251 249 244 67 0 0 139 250 246 255 255 255 180 0 0 0 0 0 2 6 6 9 182 255 255 118 0 5 0 0 0 0 1 0 2 2 0 9 222 255 255 60 0 0 145 255 255 146 0 0 74 255 252 253 251 250 251 255 255 255 255 250 250 253 255 255 255
255 255 252 255 151 2 8 0 0 0 0 0 0 0 0 0 0 0 0 0 0 0 0 0 9 2 78 253 253 254 255 255 255 255 255 255 67 0 0 149 255 255 255 255 255 192 10 3 5 1 0 0 0 0 0 183 255 255 120 0 6 3 4 3 4 1 0 2 2 0 9 222 255 255 55 0 0 143 255 255 146 0 0 74 255 252 255 255 255 255 255 252 253 255 255 255 255 255 255 255
255 255 252 255 150 0 2 41 156 148 150 150 150 150 150 150 150 150 150 150 150 147 161 86 2 0 77 253 253 254 254 255 242 131 104 109 136 149 150 124 104 106 107 104 108 76 5 2 4 4 2 15 123 154 147 119 100 109 49 0 4 4 2 2 4 3 2 4 4 1 11 222 255 254 177 147 146 211 253 255 147 0 0 75 254 254 228 116 103 118 231 255 251 147 103 104 192 255 253 255
255 255 252 255 150 0 0 72 255 255 255 255 255 255 255 255 255 255 255 255 255 255 255 150 0 0 76 253 253 254 254 255 231 32 0 0 187 255 255 110 0 0 0 0 0 0 5 5 7 4 0 22 213 255 255 77 0 0 1 5 5 7 5 6 6 1 0 2 2 0 9 217 250 249 255 255 255 255 245 250 143 0 0 73 247 250 203 9 0 14 207 250 242 64 0 0 144 255 252 255
255 255 252 255 150 0 0 66 252 248 254 255 255 255 255 255 255 255 255 255 255 246 252 141 0 0 76 253 253 254 254 255 233 47 3 12 180 252 251 98 0 0 0 0 0 0 0 0 0 2 0 22 219 255 255 72 0 0 0 0 0 0 0 0 0 1 0 2 2 0 10 240 255 255 255 255 255 255 255 255 157 0 0 80 255 255 224 5 0 9 228 255 255 66 0 0 141 255 252 255
255 255 252 255 150 0 0 69 255 254 241 149 145 146 146 146 146 146 148 136 210 253 255 144 0 0 77 253 253 254 254 255 233 45 0 11 182 255 254 172 109 111 110 109 109 110 108 112 91 13 0 15 120 147 143 122 115 110 110 109 109 109 108 114 81 1 3 4 4 1 8 129 146 145 146 146 146 146 143 147 85 1 1 44 146 142 138 112 111 113 140 144 145 120 113 108 194 255 253 255
255 255 252 255 150 0 0 68 255 255 218 0 0 0 0 0 0 0 0 0 145 255 255 143 0 0 76 253 253 254 254 255 233 44 0 9 178 251 247 255 255 255 255 255 255 255 255 255 217 25 0 1 0 0 0 176 255 255 255 255 255 255 255 255 199 0 3 3 3 1 1 0 0 0 0 0 0 0 0 0 0 1 0 0 0 0 38 243 255 237 33 0 0 188 255 255 255 255 255 255
255 255 252 255 150 0 0 67 255 255 221 10 3 6 6 4 5 6 9 3 151 255 255 143 0 0 76 253 253 254 254 255 233 43 0 9 191 255 255 255 251 251 251 251 251 255 255 255 219 25 0 3 5 5 8 185 255 255 255 251 252 251 249 252 185 0 2 2 2 0 1 5 4 5 0 0 0 0 0 0 0 0 0 3 7 3 49 248 255 243 46 2 11 181 252 248 253 255 255 255
255 255 252 255 150 0 0 69 255 255 221 9 1 4 4 2 3 4 7 0 150 255 255 144 0 0 78 253 253 254 254 255 233 45 0 9 131 183 178 224 255 254 255 253 255 233 182 181 151 19 1 4 4 3 6 128 184 176 222 255 253 255 251 255 188 0 4 4 4 2 3 4 3 2 55 78 73 74 73 82 44 1 3 4 4 0 34 170 181 167 33 1 8 183 255 252 255 255 255 255
255 255 252 255 150 0 0 68 255 255 221 8 0 3 3 1 2 3 6 0 150 255 255 143 0 0 77 253 253 254 252 253 231 43 0 4 2 5 1 145 255 251 254 249 253 175 6 1 2 3 3 5 5 3 4 4 7 1 139 255 250 254 249 253 186 0 3 3 5 3 4 5 6 2 193 255 250 254 250 255 147 0 5 3 2 0 2 2 3 3 4 4 7 182 253 250 254 255 255 255
255 255 252 255 150 0 0 67 255 255 221 7 0 2 2 0 1 2 5 0 150 255 255 143 0 0 76 253 253 255 255 255 241 45 0 3 0 0 0 142 255 252 255 255 255 186 9 3 3 0 0 0 0 0 0 0 0 0 137 255 250 255 255 255 195 0 2 0 0 0 0 0 0 0 192 255 255 255 247 253 144 0 4 2 1 0 1 0 0 0 0 0 0 187 255 255 255 255 255 255
255 255 252 255 150 0 0 68 255 255 221 9 1 4 4 2 3 4 7 0 150 255 255 144 0 0 77 253 254 247 214 211 195 39 1 5 31 48 43 162 255 252 237 209 213 154 10 3 10 40 44 43 43 43 43 45 46 44 157 255 251 238 206 213 162 0 2 7 42 44 44 44 46 45 169 210 204 237 250 254 146 0 6 4 3 1 10 42 45 44 44 43 46 166 211 209 237 255 255 255
255 255 252 255 151 0 0 68 255 255 221 9 2 5 4 3 4 4 8 1 151 255 255 144 0 0 77 250 255 209 31 17 18 5 3 8 173 240 234 248 252 255 150 15 19 13 6 1 45 218 239 237 238 238 238 238 237 236 247 254 255 158 11 23 14 2 1 35 235 238 239 238 234 239 71 17 10 154 254 254 147 1 7 4 4 0 44 226 238 237 238 236 234 77 17 16 152 255 252 255
255 255 252 255 150 0 0 67 255 255 220 4 0 0 0 0 0 0 2 0 148 255 255 143 0 0 76 250 255 207 17 0 2 0 0 3 185 255 255 255 251 255 143 0 1 0 0 0 43 232 255 254 255 255 255 255 255 255 255 252 255 149 0 1 0 0 0 31 250 255 255 255 255 255 66 0 0 150 255 255 146 0 0 0 3 0 44 240 255 254 255 255 254 71 0 0 146 255 252 255
255 255 252 255 150 0 0 68 255 255 221 21 20 20 20 20 20 20 25 18 157 255 255 143 0 0 77 250 255 209 22 2 7 17 21 24 172 234 231 246 252 255 146 2 5 8 22 19 57 229 253 252 253 253 253 239 231 233 246 253 255 159 20 26 22 21 19 44 245 253 251 236 228 235 68 2 1 146 236 233 138 20 25 15 3 0 44 236 253 250 237 232 232 70 2 2 149 255 252 255
255 255 252 255 151 0 0 68 255 253 249 215 214 214 214 214 214 214 214 210 238 252 255 144 0 0 77 251 255 208 21 0 23 180 215 208 90 41 40 162 255 255 146 2 0 66 209 212 220 252 255 255 254 254 251 106 37 41 157 255 253 238 210 214 214 214 212 220 253 255 248 64 39 45 13 1 0 25 47 36 118 214 218 153 5 0 45 238 255 235 72 40 43 13 4 0 148 255 252 255
255 255 252 255 150 0 0 66 255 251 254 255 255 255 255 255 255 255 255 255 255 249 255 142 0 0 76 250 255 208 21 0 26 217 255 250 71 0 0 142 255 255 143 1 0 77 252 255 255 254 254 254 254 253 250 74 0 0 136 255 250 255 255 255 255 255 255 255 254 255 246 24 0 0 1 1 2 0 2 0 112 255 255 184 4 0 45 235 255 230 36 0 0 0 4 0 149 255 252 255
255 255 252 255 150 0 0 69 252 248 251 249 248 248 248 248 248 248 248 248 250 246 253 143 0 0 76 250 255 206 19 3 27 208 249 241 75 6 7 148 251 252 147 2 0 77 243 248 248 251 251 252 254 253 251 80 2 3 144 255 250 254 252 252 251 248 248 250 254 255 246 37 2 6 4 5 4 6 12 5 115 249 250 173 4 3 49 237 252 229 43 6 9 5 6 3 146 255 252 255
255 255 252 255 150 0 4 21 74 71 72 72 72 72 72 72 73 72 72 72 72 70 77 42 4 0 77 252 255 240 187 183 174 90 71 75 151 183 183 118 70 75 43 3 0 24 70 72 72 74 71 84 219 255 249 79 0 0 142 255 250 255 254 255 206 68 71 93 249 255 246 34 0 0 139 187 181 183 181 187 133 71 70 105 182 183 163 78 71 81 165 183 181 183 184 182 224 255 254 255
255 255 252 255 152 1 8 2 0 0 0 0 0 0 0 0 0 0 0 0 0 0 0 0 8 1 78 253 253 255 255 255 238 41 0 5 186 255 255 109 0 0 0 3 3 3 0 0 0 0 0 15 204 255 248 80 1 3 144 255 250 255 252 255 186 0 0 26 246 255 246 37 1 1 202 255 255 255 255 255 145 0 0 77 255 255 214 14 0 21 222 255 255 255 255 255 255 255 255 255
255 255 252 255 147 0 0 0 0 0 0 0 0 0 0 0 0 0 0 0 0 0 0 0 0 0 71 251 253 253 251 253 228 36 0 5 175 253 252 102 0 0 0 0 0 0 0 0 0 0 0 15 203 255 246 73 0 0 133 255 249 255 252 255 185 0 0 25 246 255 245 20 0 0 180 253 249 252 247 253 137 0 0 70 247 253 205 11 0 18 208 253 249 252 252 252 253 255 255 255
255 255 253 255 211 142 150 148 148 148 148 148 148 148 148 148 148 148 148 148 148 148 148 148 150 143 179 254 254 255 255 255 246 164 147 151 224 255 255 192 145 149 149 148 148 149 148 148 149 149 147 155 234 255 252 181 145 148 206 255 253 255 254 255 226 146 147 160 252 255 252 160 147 146 226 255 254 255 253 255 208 146 145 178 254 255 236 154 147 156 237 255 254 255 255 255 255 255 255 255
255 255 255 255 255 255 255 255 255 255 255 255 255 255 255 255 255 255 255 255 255 255 255 255 255 255 255 255 255 255 255 255 255 255 255 255 255 255 255 255 255 255 255 255 255 255 255 255 255 255 255 255 255 255 255 255 255 255 255 255 255 255 255 255 255 255 255 255 255 255 255 255 255 255 255 255 255 255 255 255 255 255 255 255 255 255 255 255 255 255 255 255 255 255 255 255 255 255 255 255
255 255 255 255 253 252 252 252 252 252 252 252 252 252 252 252 252 252 252 252 252 252 252 252 252 252 253 255 255 255 255 255 255 252 252 252 254 255 255 253 252 252 252 252 252 252 252 252 252 252 252 252 254 255 255 253 252 252 253 255 255 255 255 255 254 252 252 252 255 255 255 252 252 252 254 255 255 255 255 255 253 252 252 253 255 255 254 252 252 252 255 255 255 255 255 255 255 255 255 255
255 255 255 255 255 255 255 255 255 255 255 255 255 255 255 255 255 255 255 255 255 255 255 255 255 255 255 255 255 255 255 255 255 255 255 255 255 255 255 255 255 255 255 255 255 255 255 255 255 255 255 255 255 255 255 255 255 255 255 255 255 255 255 255 255 255 255 255 255 255 255 255 255 255 255 255 255 255 255 255 255 255 255 255 255 255 255 255 255 255 255 255 255 255 255 255 255 255 255 255
